"name"	"rt_width"	"mz_width"	"mz_width_ppm"	"mz_ppm"	"multi_pk_count"	"all"	"venous"	"RBC"	"capillary"	"plasma"	"delta_rt"
"1-Methylhistidine"	5.39017933130772	0.000728157780731241	4.28095455092604	1.34402553841067	131	100	100	95.4545454545455	100	100	6
"1-Methyluric acid"	2.72024999999999	0.00391081663311255	21.3635446753604	49.2354102657029	0	4.16666666666667	4.54545454545455	4.54545454545455	6.81818181818182	0	2
"3-Methylhistidine"	5.39017933130772	0.000728157780731241	4.28095455092604	1.34402553841067	131	100	100	95.4545454545455	100	100	6
"3-Nitrotyrosine"	4.7780000000025	0.000711474005576918	3.13336083663455	9.293735785397	0	0	0	0	2.27272727272727	15.9090909090909	13
"5-Oxoproline"	17.8948778625971	0.00134463502178072	10.3393827100088	1.21432765472426	14	75	77.2727272727273	72.7272727272727	70.4545454545455	0	-16
"8-Oxo-2-Deoxyguanosine"	4.67337499999499	0.000910732268849301	3.20567992588158	2.25999818215102	0	0	0	0	18.1818181818182	0	1
"Acetylcarnitine"	6.66279914529821	0.00124492724684347	6.09890243014452	1.02528652519633	36	100	100	95.4545454545455	100	100	-4
"Acetyl-Glucosamine"	5.70329411764588	0.00155194322142152	6.35834767360856	1.70007351748314	6	0	9.09090909090909	54.5454545454545	0	0	-1
"Acetylhistidine"	4.79680769230731	0.000734601153923747	3.70829657403003	48.903360069031	8	4.16666666666667	18.1818181818182	38.6363636363636	22.7272727272727	18.1818181818182	-13
"Acetylneuraminic Acid"	4.38261386138644	0.00354924821212168	12.9486555586227	37.3787684807455	65	91.6666666666667	20.4545454545455	100	97.7272727272727	0	-8
"ADMA"	6.2539649999997	0.000722573181989361	3.55683928367094	1.18884664862589	0	100	100	100	100	100	4
"ADP-Glucose"	19.3783356643389	0.00117449141986044	2.74390392113978	0.886195953649492	0	95.8333333333333	100	86.3636363636364	86.3636363636364	0	-50
"Alanine"	4.712475	0.000458204669010769	5.08802883394724	5.40524196970585	0	100	100	100	100	100	-7
"alpha-Aminoadipic acid"	3.74589506172852	0.000968228915326634	5.97390965594553	1.81583297052186	0	100	81.8181818181818	59.0909090909091	97.7272727272727	75	-3
"alpha-Lactose"	4.9142266666668	0.00186869599145666	5.11819592320354	6.13408777692243	52	12.5	0	63.6363636363636	100	0	-4
"AMP"	7.80214457831277	0.000784424202633425	2.25363293942705	1.93634580435787	0	100	100	100	100	22.7272727272727	-9
"Arginine"	7.8191750000001	0.00045899926045962	2.62107181695744	1.12721965772853	0	100	100	100	100	100	5
"Argininosuccinic acid"	5.52871052631474	0.00168927806879089	5.80269147286358	35.0126656306355	16	0	0	0	2.27272727272727	47.7272727272727	-3
"Asparagine"	4.4473949999994	0.000550927561203594	4.1404201337943	1.3793920276013	0	100	100	100	100	100	-1
"Betaine"	7.11556918239019	0.000564084521258939	4.77688193914884	1.59964679495583	105	100	100	95.4545454545455	100	100	-9
"C4 Carnitine"	3.03824309392243	0.00424297062590775	18.2765245921772	1.45329929741852	0	91.6666666666667	95.4545454545455	90.9090909090909	93.1818181818182	81.8181818181818	-3
"C5 Carnitine"	2.59157718120765	0.00487608473448285	19.8078930852094	3.39061436999432	0	79.1666666666667	65.9090909090909	84.0909090909091	93.1818181818182	52.2727272727273	-13
"Caffeine"	3.1681550000001	0.0016782998678957	8.6027951267926	1.04321391246963	0	100	100	100	100	100	-3
"Carnosine"	4.19020000000036	0.000903839821948664	3.97967370597152	1.20821598849561	0	0	4.54545454545455	72.7272727272727	47.7272727272727	0	6
"Choline"	10.5774622222216	0.000455424011474419	4.37457103063767	2.01592968929104	32	100	97.7272727272727	95.4545454545455	97.7272727272727	93.1818181818182	3
"Citrulline"	4.8993949999992	0.000694440147315731	3.94337420898062	1.24768100777172	0	100	100	100	100	100	1
"Corticosterone"	4.46702083333312	0.00516987895001009	14.8895869802018	32.9171786525453	15	62.5	20.4545454545455	45.4545454545455	31.8181818181818	43.1818181818182	-7
"Creatine"	6.08676315789316	0.000729817285542672	5.52570444403664	1.51727065826338	0	20.8333333333333	31.8181818181818	4.54545454545455	0	38.6363636363636	0
"Creatinine"	8.18423703703644	0.000480119289187384	4.20913026335131	1.32926348026161	77	95.8333333333333	95.4545454545455	90.9090909090909	88.6363636363636	86.3636363636364	-5
"Cystine"	3.89974999999773	0.000504731385335204	2.09404731718382	1.52227893669493	0	0	0	0	0	100	-2
"Cytidine"	3.81333333332	0.000750086166846131	3.07294908222975	1.78015302873765	0	0	0	2.27272727272727	4.54545454545455	0	-7
"dGDP"	19.6562746478903	0.00121067904304945	2.82844721925045	0.862406755102561	0	100	81.8181818181818	86.3636363636364	100	0	-30
"dGMP"	7.80214457831277	0.000784424202633425	2.25363293942705	1.93634580435787	0	100	100	100	100	22.7272727272727	-21
"Diethyl malonate"	2.50806417112332	0.00228566866529867	14.1882492854255	93.4932087664058	0	79.1666666666667	88.6363636363636	97.7272727272727	97.7272727272727	97.7272727272727	-3
"Dimethylglycine"	3.10188235293882	0.00103494387652477	9.94462956936485	1.87841434294072	0	0	0	2.27272727272727	36.3636363636364	0	-15
"Epinephrine"	4.557	0.000485012908200133	2.63459016688046	13.964863781183	0	0	2.27272727272727	2.27272727272727	2.27272727272727	0	11
"Fructose"	6.76662939297105	0.00148236025843578	7.30036340159483	1.42955493109511	114	100	100	100	100	86.3636363636364	8
"Galactitol"	5.67928037383178	0.00103309849758619	5.03782559735501	1.16424016066656	2	66.6666666666667	36.3636363636364	88.6363636363636	63.6363636363636	13.6363636363636	-7
"Gamma-Aminobutyric acid"	3.10188235293882	0.00103494387652477	9.94462956936485	1.87841434294072	0	0	0	2.27272727272727	36.3636363636364	0	16
"Gluconic Acid"	7.60299999999625	0.000764932323390255	3.49208079881777	1.31084002583135	6	4.16666666666667	0	0	93.1818181818182	0	-11
"Glucose"	6.83568471337529	0.00172725395886592	8.50640894566868	2.44496543578532	114	100	100	100	100	100	0
"Glutamine"	7.77525980392118	0.000362796269068415	2.46671684623525	1.69661938251541	4	100	100	100	100	100	1
"Glutathione Oxidized"	5.4398342857128	0.00138575520011922	2.26002898369937	1.8694648167443	19	100	100	100	100	0	-3
"Glyceraldehyde 2-phosphate"	5.14453061224653	0.000882239562695513	5.15913650975299	1.45149442013035	0	66.6666666666667	97.7272727272727	50	38.6363636363636	0	-23
"Glycero-phosphocholine"	7.6852300000002	0.000434193705235941	1.68220013608953	2.11698881147009	0	100	100	100	100	100	-2
"Glycine"	4.17805527638141	0.000311336819006039	4.09437791944376	9.95690252921393	0	100	100	97.7272727272727	100	100	-2
"Guanosine"	4.67337499999499	0.000910732268849301	3.20567992588158	2.25999818215102	0	0	0	0	18.1818181818182	0	-3
"Histamine"	6.0620909090891	0.000727720436309844	6.49244957498009	1.90689537563512	0	0	0	0	25	0	8
"Histidine"	9.2686399999992	0.000320800852983183	2.05540489403389	1.21663201738349	0	100	100	100	100	100	7
"Homocysteine"	4.77859523809571	0.000751795743374332	5.52596731987018	38.7455908776642	1	100	100	47.7272727272727	72.7272727272727	9.09090909090909	-8
"Hydroxyproline"	4.11718376068385	0.00143575479728072	10.8715176196303	1.84957062787523	35	100	100	97.7272727272727	100	100	-2
"Hypoxanthine"	12.2384714285721	0.00132848760220311	9.69376036122815	1.36044432949182	8	66.6666666666667	86.3636363636364	79.5454545454545	97.7272727272727	0	-9
"IMP"	6.48353278688459	0.00345942282820872	9.91043686314368	41.7419371099125	0	95.8333333333333	47.7272727272727	95.4545454545455	81.8181818181818	0	-25
"Inosine"	2.34379999999801	0.002859962181941	9.82541879063116	27.5958031974077	0	0	20.4545454545455	2.27272727272727	0	0	19
"Isoleucine"	6.16155161290219	0.000496796652620076	3.76071236858637	1.64313226052518	110	100	100	100	100	100	-7
"L-Aspartic Acid"	5.72498076923115	0.000726610674376524	5.42065474665258	1.52332137570817	0	100	100	100	100	0	-3
"L-Carnitine"	9.94740816326735	0.00146021373831508	9.00740836894864	1.20731070979984	0	75	68.1818181818182	45.4545454545455	88.6363636363636	90.9090909090909	2
"L-Cysteine"	3.73348305084712	0.000588331091293044	4.82131151743633	1.77347824571786	0	100	97.7272727272727	15.9090909090909	100	0	-4
"Leucine"	6.17891558441455	0.000496494601685951	3.75842586712253	1.64233431494441	108	100	100	100	100	100	-8
"Levodopa"	3.92787499999969	0.000497406530310496	2.511074735676	45.7017377502379	0	0	0	45.4545454545455	100	0	12
"L-Glutamic Acid"	5.1909550000005	0.000347092937844167	2.34426412925696	1.27701059444975	0	100	100	100	100	100	-3
"Lysine"	8.4190549999995	0.000332637012856622	2.26110131557093	1.23220745989271	0	100	100	100	100	100	7
"Mannose"	6.34251643192493	0.00151020784099714	7.4374996365674	2.09778195010846	162	100	100	100	100	100	-1
"Methionine"	3.71247761194119	0.00070012046356834	4.665655976849	1.13379718803976	0	100	100	40.9090909090909	9.09090909090909	100	-5
"Methioninesulfoxide"	3.34042465753397	0.00148723497702826	8.95636880794018	1.54128407423441	0	0	0	68.1818181818182	97.7272727272727	0	-1
"N-Acetylornithine"	4.55575451263473	0.000856530372836549	4.89136947291157	16.6289823274087	78	100	97.7272727272727	100	100	100	-21
"NAD"	5.03081250000094	0.00387575649970984	5.83597562194579	2.67537814868052	2	0	0	70.4545454545455	70.4545454545455	0	-9
"Niacinamide"	5.64403614457699	0.00172093263549942	13.9850071645373	2.16201050275338	14	100	100	95.4545454545455	95.4545454545455	0	-13
"Nicotine"	10.044	0.000965024122763225	5.91592880593601	0.22694640886686	0	0	2.27272727272727	0	0	0	-7
"Ornithine"	6.07416513761422	0.000376559693548917	2.82920864704998	1.49090501184565	19	95.8333333333333	100	100	100	100	1
"Palmitoylcarnitine"	5.03887640449326	0.00160727766549524	4.01475581244256	1.261578443991	68	100	100	100	100	97.7272727272727	-2
"Paracetamol"	1.674	0.000357359082698849	2.34996079311281	2.45101917556254	0	0	0	0	2.27272727272727	0	-3
"Phenylalanine"	5.18887764705812	0.000880562144917576	5.3018683370753	5.70530088744638	149	100	97.7272727272727	100	100	95.4545454545455	-6
"Phenylethylamine"	4.91631034482621	0.00108664657836622	8.89991353928101	1.49648791681761	2	37.5	4.54545454545455	11.3636363636364	15.9090909090909	9.09090909090909	-3
"Phosphocreatine"	4.99116666666778	0.0010555612515888	4.97804791345922	1.29224442405217	0	100	59.0909090909091	65.9090909090909	65.9090909090909	0	-12
"Phosphorylcholine"	8.59267567567541	0.00191041872887379	10.3785928215439	1.62740644749851	0	100	100	81.8181818181818	100	0	-1
"Phosphorylethanolamine"	5.06500000000154	0.0012945559090969	9.11491182795252	1.67992562433813	0	0	13.6363636363636	0	75	0	-3
"Pipecolic acid"	4.11541666666667	0.00102676615499714	7.89296350728907	1.51841565839302	5	0	13.6363636363636	20.4545454545455	18.1818181818182	18.1818181818182	-11
"Proline"	6.6369157509156	0.000438347674270769	3.77655588743006	2.00049877396294	73	100	100	100	100	100	-9
"Putrescine"	4.15993233082872	0.000484612833501817	6.72311434173899	11.4415550406857	0	100	100	34.0909090909091	13.6363636363636	100	-13
"SAH"	4.07276510067221	0.00179903607681885	4.67124654245213	2.38619175443378	0	100	100	88.6363636363636	95.4545454545455	0	1
"SAMe"	3.44762608695809	0.00255563980848839	6.38674363299568	11.7156454023011	0	66.6666666666667	34.0909090909091	95.4545454545455	95.4545454545455	0	9
"SDMA"	6.2539649999997	0.000722573181989361	3.55683928367094	1.18884664862589	0	100	100	100	100	100	6
"Serine"	3.6466300000005	0.000682374433701369	6.4344618200316	1.96109473936637	0	100	100	100	100	100	-1
"Sorbitol"	5.67928037383178	0.00103309849758619	5.03782559735501	1.16424016066656	2	66.6666666666667	36.3636363636364	88.6363636363636	63.6363636363636	13.6363636363636	-6
"Spermine"	3.62700000000001	0.00105930729719717	5.212534842268	0.197846206038151	0	0	0	0	2.27272727272727	0	16
"Sphingosine"	5.36085116279023	0.00125077603302882	4.16522559648862	1.86796280229515	15	100	100	100	100	100	-8
"Sphingosine-1-phosphate"	3.26529032258013	0.00232107334098094	6.10396567083977	1.52406477553734	40	83.3333333333333	75	65.9090909090909	75	0	3
"Sucrose"	5.08541176470555	0.00166126669865373	4.55009052328435	2.20123669239457	46	12.5	0	61.3636363636364	95.4545454545455	0	-3
"Taurine"	4.9090850000001	0.000759606894332521	6.02756518369908	1.79897867336732	0	100	100	100	100	100	-3
"Threonine"	5.1393300000003	0.000295551682968522	2.46158577598855	1.37413782154753	0	100	100	100	100	100	-1
"Tryptophan"	4.41799999999866	0.000815849029156245	3.97786288830216	1.22375084399093	72	100	100	59.0909090909091	100	100	-6
"Tyrosine"	5.92693809523714	0.00142715615064319	7.8380585402971	4.67821792804814	10	100	100	100	100	100	-8
"Valine"	6.10451773049596	0.000555493711813235	4.7041328783975	1.55933085733488	84	100	79.5454545454545	100	100	84.0909090909091	-16
"Xanthosine"	5.9288750000005	0.00136918394893731	4.45923824019835	66.6250513488172	3	100	72.7272727272727	38.6363636363636	97.7272727272727	0	-12
